   0.00000000     -0.71778168274882292     
   1.00000005E-03 -0.71778168274882292     
   2.00000009E-03 -0.71778068174820420     
   3.00000003E-03 -0.71777867874548962     
   4.00000019E-03 -0.71777567273812870     
   5.00000035E-03 -0.71777166272261783     
   6.00000005E-03 -0.71776664769449905     
   7.00000022E-03 -0.71776062664824225     
   8.00000038E-03 -0.71775359857736332     
   9.00000054E-03 -0.71774556247430499     
   1.00000007E-02 -0.71773651733055666     
   1.10000009E-02 -0.71772646213653490     
   1.20000001E-02 -0.71771539588170241     
   1.30000003E-02 -0.71770331755444883     
   1.40000004E-02 -0.71769022614221079     
   1.50000006E-02 -0.71767612063147035     
   1.60000008E-02 -0.71766100000751831     
   1.70000009E-02 -0.71764486325481058     
   1.80000011E-02 -0.71762770935673004     
   1.90000013E-02 -0.71760953729558707     
   2.00000014E-02 -0.71759034605273797     
   2.10000016E-02 -0.71757013460846664     
   2.20000017E-02 -0.71754890194210297     
   2.30000019E-02 -0.71752664703190405     
   2.40000002E-02 -0.71750336885505395     
   2.50000004E-02 -0.71747906638778325     
   2.60000005E-02 -0.71745373860524975     
   2.70000007E-02 -0.71742738448165733     
   2.80000009E-02 -0.71740000299013695     
   2.90000010E-02 -0.71737159310286613     
   3.00000012E-02 -0.71734215379094934     
   3.10000014E-02 -0.71731168402441836     
   3.20000015E-02 -0.71728018277223171     
   3.29999998E-02 -0.71724764900239468     
   3.40000018E-02 -0.71721408168195844     
   3.50000001E-02 -0.71717947977678265     
   3.60000022E-02 -0.71714384225177275     
   3.70000005E-02 -0.71710716807076136     
   3.80000025E-02 -0.71706945619662787     
   3.90000008E-02 -0.71703070559117832     
   4.00000028E-02 -0.71699091521514602     
   4.10000011E-02 -0.71695008402819127     
   4.20000032E-02 -0.71690821098902113     
   4.30000015E-02 -0.71686529505526919     
   4.40000035E-02 -0.71682133518349656     
   4.50000018E-02 -0.71677633032931065     
   4.60000038E-02 -0.71673027944712642     
   4.70000021E-02 -0.71668318149040577     
   4.80000004E-02 -0.71663503541153706     
   4.90000024E-02 -0.71658584016195537     
   5.00000007E-02 -0.71653559469190375     
   5.10000028E-02 -0.71648429795067126     
   5.20000011E-02 -0.71643194888647421     
   5.30000031E-02 -0.71637854644645615     
   5.40000014E-02 -0.71632408957668758     
   5.50000034E-02 -0.71626857722216630     
   5.60000017E-02 -0.71621200832693621     
   5.70000038E-02 -0.71615438183396840     
   5.80000021E-02 -0.71609569668504214     
   5.90000041E-02 -0.71603595182098256     
   6.00000024E-02 -0.71597514618154223     
   6.10000044E-02 -0.71591327870540056     
   6.20000027E-02 -0.71585034833028383     
   6.30000010E-02 -0.71578635399272561     
   6.40000030E-02 -0.71572129462818690     
   6.50000051E-02 -0.71565516917117500     
   6.59999996E-02 -0.71558797655500517     
   6.70000017E-02 -0.71551971571203865     
   6.80000037E-02 -0.71545038557344498     
   6.90000057E-02 -0.71537998506944001     
   7.00000003E-02 -0.71530851312916655     
   7.10000023E-02 -0.71523596868057515     
   7.20000044E-02 -0.71516235065066314     
   7.30000064E-02 -0.71508765796535445     
   7.40000010E-02 -0.71501188954938166     
   7.50000030E-02 -0.71493504432652277     
   7.60000050E-02 -0.71485712121936418     
   7.70000070E-02 -0.71477811914953870     
   7.80000016E-02 -0.71469803703748680     
   7.90000036E-02 -0.71461687380269534     
   8.00000057E-02 -0.71453462836345927     
   8.10000002E-02 -0.71445129963700038     
   8.20000023E-02 -0.71436688653958713     
   8.30000043E-02 -0.71428138798629537     
   8.40000063E-02 -0.71419480289112847     
   8.50000009E-02 -0.71410713016701688     
   8.60000029E-02 -0.71401836872569879     
   8.70000049E-02 -0.71392851747795893     
   8.80000070E-02 -0.71383757533338987     
   8.90000015E-02 -0.71374554120063027     
   9.00000036E-02 -0.71365241398712720     
   9.10000056E-02 -0.71355819259925413     
   9.20000076E-02 -0.71346287594231239     
   9.30000022E-02 -0.71336646292041050     
   9.40000042E-02 -0.71326895243670407     
   9.50000063E-02 -0.71317034339315610     
   9.60000008E-02 -0.71307063469065679     
   9.70000029E-02 -0.71296982522902352     
   9.80000049E-02 -0.71286791390688153     
   9.90000069E-02 -0.71276489962190259     
  0.100000001     -0.71266078127056598     
  0.101000004     -0.71255555774815915     
  0.102000006     -0.71244922794901588     
  0.103000008     -0.71234179076627779     
  0.104000002     -0.71223324509201369     
  0.105000004     -0.71212358981721946     
  0.106000006     -0.71201282383169873     
  0.107000008     -0.71190094602418252     
  0.108000003     -0.71178795528232897     
  0.109000005     -0.71167385049260368     
  0.110000007     -0.71155863054039992     
  0.111000009     -0.71144229431003780     
  0.112000003     -0.71132484068464541     
  0.113000005     -0.71120626854627778     
  0.114000008     -0.71108657677591747     
  0.115000002     -0.71096576425335434     
  0.116000004     -0.71084382985718686     
  0.117000006     -0.71072077246505916     
  0.118000008     -0.71059659095342376     
  0.119000003     -0.71047128419754080     
  0.120000005     -0.71034485107159762     
  0.121000007     -0.71021729044870896     
  0.122000009     -0.71008860120079675     
  0.123000003     -0.70995878219871089     
  0.124000005     -0.70982783231210866     
  0.125000000     -0.70969575040957467     
  0.126000002     -0.70956253535850111     
  0.127000004     -0.70942818602520774     
  0.128000006     -0.70929270127482191     
  0.129000008     -0.70915607997127905     
  0.130000010     -0.70901832097744166     
  0.131000012     -0.70887942315509911     
  0.131999999     -0.70873938536484926     
  0.133000001     -0.70859820646621652     
  0.134000003     -0.70845588531753345     
  0.135000005     -0.70831242077594048     
  0.136000007     -0.70816781169750509     
  0.137000009     -0.70802205693710274     
  0.138000011     -0.70787515534841716     
  0.139000013     -0.70772710578405829     
  0.140000001     -0.70757790709544477     
  0.141000003     -0.70742755813292213     
  0.142000005     -0.70727605774564362     
  0.143000007     -0.70712340478157076     
  0.144000009     -0.70696959808759186     
  0.145000011     -0.70681463650940335     
  0.146000013     -0.70665851889150944     
  0.147000000     -0.70650124407734138     
  0.148000002     -0.70634281090913853     
  0.149000004     -0.70618321822794816     
  0.150000006     -0.70602246487362519     
  0.151000008     -0.70586054968495193     
  0.152000010     -0.70569747149951845     
  0.153000012     -0.70553322915372274     
  0.154000014     -0.70536782148277077     
  0.155000001     -0.70520124732079548     
  0.156000003     -0.70503350550073807     
  0.157000005     -0.70486459485434705     
  0.158000007     -0.70469451421217932     
  0.159000009     -0.70452326240371876     
  0.160000011     -0.70435083825713807     
  0.161000013     -0.70417724059953668     
  0.162000000     -0.70400246825682244     
  0.163000003     -0.70382652005371071     
  0.164000005     -0.70364939481384414     
  0.165000007     -0.70347109135955410     
  0.166000009     -0.70329160851197969     
  0.167000011     -0.70311094509118732     
  0.168000013     -0.70292909991605124     
  0.169000015     -0.70274607180413440     
  0.170000002     -0.70256185957192685     
  0.171000004     -0.70237646203472648     
  0.172000006     -0.70218987800663935     
  0.173000008     -0.70200210630057913     
  0.174000010     -0.70181314572826747     
  0.175000012     -0.70162299510023407     
  0.176000014     -0.70143165322581635     
  0.177000001     -0.70123911891315971     
  0.178000003     -0.70104539096933671     
  0.179000005     -0.70085046820010866     
  0.180000007     -0.70065434941004456     
  0.181000009     -0.70045703340252141     
  0.182000011     -0.70025851897972435     
  0.183000013     -0.70005880494264605     
  0.184000015     -0.69985789009108734     
  0.185000002     -0.69965577322353767     
  0.186000004     -0.69945245313741378     
  0.187000006     -0.69924792862893981     
  0.188000008     -0.69904219849302918     
  0.189000010     -0.69883526152352216     
  0.190000013     -0.69862711651294751     
  0.191000015     -0.69841776225264240     
  0.192000002     -0.69820719753275162     
  0.193000004     -0.69799542114222779     
  0.194000006     -0.69778243186883160     
  0.195000008     -0.69756822849901223     
  0.196000010     -0.69735280981802705     
  0.197000012     -0.69713617461006039     
  0.198000014     -0.69691832165786605     
  0.199000016     -0.69669924974312480     
  0.200000003     -0.69647895764632584     
  0.201000005     -0.69625744414664648     
  0.202000007     -0.69603470802207212     
  0.203000009     -0.69581074804939624     
  0.204000011     -0.69558556300410113     
  0.205000013     -0.69535915166047624     
  0.206000015     -0.69513151279161978     
  0.207000017     -0.69490264516943767     
  0.208000004     -0.69467254756452412     
  0.209000006     -0.69444121874628151     
  0.210000008     -0.69420865748292016     
  0.211000010     -0.69397486254133933     
  0.212000012     -0.69373983268724559     
  0.213000014     -0.69350356668515389     
  0.214000016     -0.69326606329826768     
  0.215000004     -0.69302732128859845     
  0.216000006     -0.69278733941696546     
  0.217000008     -0.69254611644287678     
  0.218000010     -0.69230365112452896     
  0.219000012     -0.69205994221892675     
  0.220000014     -0.69181498848188272     
  0.221000016     -0.69156878866801730     
  0.222000018     -0.69132134153063951     
  0.223000005     -0.69107264582174721     
  0.224000007     -0.69082270029214621     
  0.225000009     -0.69057150369145004     
  0.226000011     -0.69031905476796118     
  0.227000013     -0.69006535226867061     
  0.228000015     -0.68981039493937724     
  0.229000017     -0.68955418152456860     
  0.230000004     -0.68929671076754062     
  0.231000006     -0.68903798141039641     
  0.232000008     -0.68877799219392821     
  0.233000010     -0.68851674185761680     
  0.234000012     -0.68825422913975121     
  0.235000014     -0.68799045277730864     
  0.236000016     -0.68772541150595523     
  0.237000018     -0.68745910406016519     
  0.238000005     -0.68719152917310133     
  0.239000008     -0.68692268557673408     
  0.240000010     -0.68665257200172292     
  0.241000012     -0.68638118717741603     
  0.242000014     -0.68610852983196924     
  0.243000016     -0.68583459869222729     
  0.244000018     -0.68555939248372344     
  0.245000005     -0.68528290993079910     
  0.246000007     -0.68500514975648397     
  0.247000009     -0.68472611068249711     
  0.248000011     -0.68444579142924566     
  0.249000013     -0.68416419071594492     
  0.250000000     -0.68388130726049878     
  0.251000017     -0.68359713977949998     
  0.252000004     -0.68331168698822997     
  0.253000021     -0.68302494760077792     
  0.254000008     -0.68273692032992173     
  0.255000025     -0.68244760388712833     
  0.256000012     -0.68215699698255283     
  0.256999999     -0.68186509832515851     
  0.258000016     -0.68157190662247824     
  0.259000003     -0.68127742058085272     
  0.260000020     -0.68098163890531116     
  0.261000007     -0.68068456029957181     
  0.262000024     -0.68038618346604129     
  0.263000011     -0.68008650710581497     
  0.263999999     -0.67978552991867724     
  0.265000015     -0.67948325060322001     
  0.266000003     -0.67917966785660500     
  0.267000020     -0.67887478037480131     
  0.268000007     -0.67856858685234833     
  0.269000024     -0.67826108598259260     
  0.270000011     -0.67795227645756984     
  0.271000028     -0.67764215696800412     
  0.272000015     -0.67733072620318935     
  0.273000002     -0.67701798285122716     
  0.274000019     -0.67670392559890780     
  0.275000006     -0.67638855313159107     
  0.276000023     -0.67607186413344478     
  0.277000010     -0.67575385728732551     
  0.278000027     -0.67543453127465891     
  0.279000014     -0.67511388477567902     
  0.280000001     -0.67479191646918890     
  0.281000018     -0.67446862503280014     
  0.282000005     -0.67414400914269312     
  0.283000022     -0.67381806747373751     
  0.284000009     -0.67349079869949124     
  0.285000026     -0.67316220149220130     
  0.286000013     -0.67283227452268368     
  0.287000000     -0.67250101646056282     
  0.288000017     -0.67216842597415161     
  0.289000005     -0.67183450173033243     
  0.290000021     -0.67149924239467629     
  0.291000009     -0.67116264663132386     
  0.292000026     -0.67082471310322345     
  0.293000013     -0.67048544047189329     
  0.294000000     -0.67014482739765890     
  0.295000017     -0.66980287253941606     
  0.296000004     -0.66945957455462946     
  0.297000021     -0.66911493209957162     
  0.298000008     -0.66876894382908514     
  0.299000025     -0.66842160839670084     
  0.300000012     -0.66807292445451905     
  0.301000029     -0.66772289065332902     
  0.302000016     -0.66737150564260850     
  0.303000003     -0.66701876807052407     
  0.304000020     -0.66666467658381179     
  0.305000007     -0.66630922982789631     
  0.306000024     -0.66595242644689112     
  0.307000011     -0.66559426508335973     
  0.308000028     -0.66523474437867391     
  0.309000015     -0.66487386297277473     
  0.310000002     -0.66451161950441118     
  0.311000019     -0.66414801261078238     
  0.312000006     -0.66378304092777651     
  0.313000023     -0.66341670308997003     
  0.314000010     -0.66304899773050929     
  0.315000027     -0.66267992348110993     
  0.316000015     -0.66230947897217618     
  0.317000002     -0.66193766283280098     
  0.318000019     -0.66156447369076643     
  0.319000006     -0.66118991017230411     
  0.320000023     -0.66081397090233518     
  0.321000010     -0.66043665450446865     
  0.322000027     -0.66005795960088354     
  0.323000014     -0.65967788481232836     
  0.324000001     -0.65929642875824024     
  0.325000018     -0.65891359005674477     
  0.326000005     -0.65852936732441814     
  0.327000022     -0.65814375917652490     
  0.328000009     -0.65775676422701879     
  0.329000026     -0.65736838108842277     
  0.330000013     -0.65697860837182898     
  0.331000030     -0.65658744468689945     
  0.332000017     -0.65619488864198505     
  0.333000004     -0.65580093884412483     
  0.334000021     -0.65540559389880837     
  0.335000008     -0.65500885241021412     
  0.336000025     -0.65461071298108997     
  0.337000012     -0.65421117421275288     
  0.338000029     -0.65381023470520905     
  0.339000016     -0.65340789305703373     
  0.340000004     -0.65300414786537220     
  0.341000021     -0.65259899772593843     
  0.342000008     -0.65219244123313602     
  0.343000025     -0.65178447697993724     
  0.344000012     -0.65137510355776540     
  0.345000029     -0.65096431955685086     
  0.346000016     -0.65055212356587488     
  0.347000003     -0.65013851417208812     
  0.348000020     -0.64972348996142970     
  0.349000007     -0.64930704951840856     
  0.350000024     -0.64888919142610280     
  0.351000011     -0.64846991426604106     
  0.352000028     -0.64804921661855963     
  0.353000015     -0.64762709706232613     
  0.354000002     -0.64720355417481601     
  0.355000019     -0.64677858653195497     
  0.356000006     -0.64635219270823796     
  0.357000023     -0.64592437127684910     
  0.358000010     -0.64549512080942240     
  0.359000027     -0.64506443987628093     
  0.360000014     -0.64463232704619755     
  0.361000031     -0.64419878088651505     
  0.362000018     -0.64376379996314548     
  0.363000005     -0.64332738284068958     
  0.364000022     -0.64288952808219868     
  0.365000010     -0.64245023424929304     
  0.366000026     -0.64200949990228218     
  0.367000014     -0.64156732359980639     
  0.368000031     -0.64112370389931372     
  0.369000018     -0.64067863935658387     
  0.370000005     -0.64023212852608458     
  0.371000022     -0.63978416996085330     
  0.372000009     -0.63933476221237806     
  0.373000026     -0.63888390383071592     
  0.374000013     -0.63843159336449384     
  0.375000030     -0.63797782936090786     
  0.376000017     -0.63752261036572377     
  0.377000004     -0.63706593492327701     
  0.378000021     -0.63660780157635277     
  0.379000008     -0.63614820886630630     
  0.380000025     -0.63568715533306197     
  0.381000012     -0.63522463951499442     
  0.382000029     -0.63476065994916731     
  0.383000016     -0.63429521517109433     
  0.384000003     -0.63382830371485877     
  0.385000020     -0.63335992411299391     
  0.386000007     -0.63289007489660298     
  0.387000024     -0.63241875459535835     
  0.388000011     -0.63194596173750195     
  0.389000028     -0.63147169484972610     
  0.390000015     -0.63099595245717333     
  0.391000032     -0.63051873308367490     
  0.392000020     -0.63004003525151220     
  0.393000007     -0.62955985748141718     
  0.394000024     -0.62907819829281020     
  0.395000011     -0.62859505620344269     
  0.396000028     -0.62811042972975528     
  0.397000015     -0.62762431738651892     
  0.398000032     -0.62713671768719392     
  0.399000019     -0.62664762914369032     
  0.400000006     -0.62615705026636881     
  0.401000023     -0.62566497956415956     
  0.402000010     -0.62517141554456190     
  0.403000027     -0.62467635671352584     
  0.404000014     -0.62417980157545139     
  0.405000031     -0.62368174863330816     
  0.406000018     -0.62318219638851613     
  0.407000005     -0.62268114334094538     
  0.408000022     -0.62217858798915460     
  0.409000009     -0.62167452883003416     
  0.410000026     -0.62116896435904312     
  0.411000013     -0.62066189307009112     
  0.412000030     -0.62015331345565750     
  0.413000017     -0.61964322400655258     
  0.414000034     -0.61913162321227511     
  0.415000021     -0.61861850956065534     
  0.416000009     -0.61810388153809259     
  0.417000026     -0.61758773762955588     
  0.418000013     -0.61707007631834532     
  0.419000030     -0.61655089608633040     
  0.420000017     -0.61603019541383108     
  0.421000034     -0.61550797277961744     
  0.422000021     -0.61498422666090968     
  0.423000008     -0.61445895553349794     
  0.424000025     -0.61393215787162225     
  0.425000012     -0.61340383214797300     
  0.426000029     -0.61287397683369105     
  0.427000016     -0.61234259039848649     
  0.428000033     -0.61180967131040065     
  0.429000020     -0.61127521803604412     
  0.430000007     -0.61073922904047828     
  0.431000024     -0.61020170278721420     
  0.432000011     -0.60966263773821350     
  0.433000028     -0.60912203235388818     
  0.434000015     -0.60857988509310024     
  0.435000032     -0.60803619441328138     
  0.436000019     -0.60749095877019454     
  0.437000006     -0.60694417661817146     
  0.438000023     -0.60639584640987576     
  0.439000010     -0.60584596659654033     
  0.440000027     -0.60529453562772850     
  0.441000015     -0.60474155195145485     
  0.442000031     -0.60418701401430275     
  0.443000019     -0.60363092026118703     
  0.444000036     -0.60307326913559167     
  0.445000023     -0.60251405907933198     
  0.446000010     -0.60195328853267338     
  0.447000027     -0.60139095593433189     
  0.448000014     -0.60082705972147332     
  0.449000031     -0.60026159832971415     
  0.450000018     -0.59969457019312111     
  0.451000035     -0.59912597374421084     
  0.452000022     -0.59855580741383130     
  0.453000009     -0.59798406963128115     
  0.454000026     -0.59741075882442773     
  0.455000013     -0.59683587341935074     
  0.456000030     -0.59625941184069930     
  0.457000017     -0.59568137251145359     
  0.458000034     -0.59510175385316322     
  0.459000021     -0.59452055428570905     
  0.460000008     -0.59393777222742183     
  0.461000025     -0.59335340609496379     
  0.462000012     -0.59276745430344724     
  0.463000029     -0.59217991526643476     
  0.464000016     -0.59159078739593918     
  0.465000033     -0.59100006910230485     
  0.466000021     -0.59040775879432550     
  0.467000008     -0.58981385487912685     
  0.468000025     -0.58921835576240345     
  0.469000012     -0.58862125984806213     
  0.470000029     -0.58802256553857912     
  0.471000016     -0.58742227123476143     
  0.472000033     -0.58682037533574749     
  0.473000020     -0.58621687623912577     
  0.474000037     -0.58561177234093520     
  0.475000024     -0.58500506203554581     
  0.476000011     -0.58439674371577766     
  0.477000028     -0.58378681577278213     
  0.478000015     -0.58317527659616064     
  0.479000032     -0.58256212457384593     
  0.480000019     -0.58194735809222076     
  0.481000036     -0.58133097553599933     
  0.482000023     -0.58071297528822652     
  0.483000010     -0.58009335573051690     
  0.484000027     -0.57947211524269693     
  0.485000014     -0.57884925220304306     
  0.486000031     -0.57822476498816333     
  0.487000018     -0.57759865197311555     
  0.488000035     -0.57697091153128888     
  0.489000022     -0.57634154203440346     
  0.490000010     -0.57571054185262982     
  0.491000026     -0.57507790935446934     
  0.492000014     -0.57444364290675465     
  0.493000031     -0.57380774087476860     
  0.494000018     -0.57317020162200594     
  0.495000035     -0.57253102351053076     
  0.496000022     -0.57189020490061937     
  0.497000009     -0.57124774415099788     
  0.498000026     -0.57060363961872373     
  0.499000013     -0.56995788965918559     
  0.500000000     -0.56931049262610267     
  0.501000047     -0.56866144687164522     
  0.502000034     -0.56801075074619467     
  0.503000021     -0.56735840259846393     
  0.504000008     -0.56670440077573503     
  0.504999995     -0.56604874362350233     
  0.506000042     -0.56539142948559085     
  0.507000029     -0.56473245670415695     
  0.508000016     -0.56407182361968788     
  0.509000003     -0.56340952857112125     
  0.510000050     -0.56274556989560653     
  0.511000037     -0.56207994592862420     
  0.512000024     -0.56141265500410531     
  0.513000011     -0.56074369545431146     
  0.513999999     -0.56007306560971648     
  0.515000045     -0.55940076379924430     
  0.516000032     -0.55872678835003109     
  0.517000020     -0.55805113758766278     
  0.518000007     -0.55737380983593743     
  0.519000053     -0.55669480341710331     
  0.520000041     -0.55601411665150136     
  0.521000028     -0.55533174785804207     
  0.522000015     -0.55464769535384784     
  0.523000002     -0.55396195745437182     
  0.524000049     -0.55327453247339864     
  0.525000036     -0.55258541872292455     
  0.526000023     -0.55189461451339605     
  0.527000010     -0.55120211815347153     
  0.527999997     -0.55050792795025982     
  0.529000044     -0.54981204220908164     
  0.530000031     -0.54911445923346913     
  0.531000018     -0.54841517732528611     
  0.532000005     -0.54771419478484606     
  0.533000052     -0.54701150991067482     
  0.534000039     -0.54630712099950984     
  0.535000026     -0.54560102634641972     
  0.536000013     -0.54489322424492326     
  0.537000000     -0.54418371298675128     
  0.538000047     -0.54347249086184624     
  0.539000034     -0.54275955615836269     
  0.540000021     -0.54204490716290521     
  0.541000009     -0.54132854216040993     
  0.542000055     -0.54061045943402397     
  0.543000042     -0.53989065726510721     
  0.544000030     -0.53916913393335020     
  0.545000017     -0.53844588771677449     
  0.546000004     -0.53772091689161361     
  0.547000051     -0.53699421973243222     
  0.548000038     -0.53626579451200662     
  0.549000025     -0.53553563950132521     
  0.550000012     -0.53480375296982652     
  0.550999999     -0.53407013318516094     
  0.552000046     -0.53333477841319099     
  0.553000033     -0.53259768691799059     
  0.554000020     -0.53185885696196511     
  0.555000007     -0.53111828680585083     
  0.556000054     -0.53037597470859588     
  0.557000041     -0.52963191892724104     
  0.558000028     -0.52888611771727734     
  0.559000015     -0.52813856933240799     
  0.560000002     -0.52738927202466679     
  0.561000049     -0.52663822404429972     
  0.562000036     -0.52588542363964519     
  0.563000023     -0.52513086905737305     
  0.564000010     -0.52437455854248372     
  0.564999998     -0.52361649033818969     
  0.566000044     -0.52285666268591569     
  0.567000031     -0.52209507382529763     
  0.568000019     -0.52133172199430300     
  0.569000006     -0.52056660542911104     
  0.570000052     -0.51979972236411265     
  0.571000040     -0.51903107103179158     
  0.572000027     -0.51826064966308183     
  0.573000014     -0.51748845648701003     
  0.574000001     -0.51671448973093392     
  0.575000048     -0.51593874762042291     
  0.576000035     -0.51516122837913925     
  0.577000022     -0.51438193022907630     
  0.578000009     -0.51360085139043909     
  0.579000056     -0.51281799008164486     
  0.580000043     -0.51203334451932225     
  0.581000030     -0.51124691291831192     
  0.582000017     -0.51045869349166662     
  0.583000004     -0.50966868445076985     
  0.584000051     -0.50887688400509812     
  0.585000038     -0.50808329036222022     
  0.586000025     -0.50728790172815541     
  0.587000012     -0.50649071630701548     
  0.588000000     -0.50569173230112441     
  0.589000046     -0.50489094791101752     
  0.590000033     -0.50408836133532331     
  0.591000021     -0.50328397077100107     
  0.592000008     -0.50247777441322183     
  0.593000054     -0.50166977045524952     
  0.594000041     -0.50085995708855990     
  0.595000029     -0.50004833250284042     
  0.596000016     -0.49923489488599043     
  0.597000003     -0.49841964242400222     
  0.598000050     -0.49760257330119878     
  0.599000037     -0.49678368569987669     
  0.600000024     -0.49596297780066367     
  0.601000011     -0.49514044778239918     
  0.602000058     -0.49431609382213465     
  0.603000045     -0.49348991409489479     
  0.604000032     -0.49266190677403560     
  0.605000019     -0.49183207003112472     
  0.606000006     -0.49100040203582257     
  0.607000053     -0.49016690095600146     
  0.608000040     -0.48933156495750701     
  0.609000027     -0.48849439220451607     
  0.610000014     -0.48765538085941718     
  0.611000001     -0.48681452908269174     
  0.612000048     -0.48597183503303271     
  0.613000035     -0.48512729686710682     
  0.614000022     -0.48428091273991170     
  0.615000010     -0.48343268080465673     
  0.616000056     -0.48258259921264429     
  0.617000043     -0.48173066611314980     
  0.618000031     -0.48087687965377995     
  0.619000018     -0.48002123798023422     
  0.620000005     -0.47916373923642369     
  0.621000051     -0.47830438156435212     
  0.622000039     -0.47744316310411616     
  0.623000026     -0.47658008199402402     
  0.624000013     -0.47571513637047674     
  0.625000000     -0.47484832436808722     
  0.626000047     -0.47397964411956095     
  0.627000034     -0.47310909375557686     
  0.628000021     -0.47223667140514497     
  0.629000008     -0.47136237519536806     
  0.630000055     -0.47048620325144130     
  0.631000042     -0.46960815369665276     
  0.632000029     -0.46872822465250225     
  0.633000016     -0.46784641423858225     
  0.634000003     -0.46696272057257793     
  0.635000050     -0.46607714177026699     
  0.636000037     -0.46518967594552002     
  0.637000024     -0.46430032121041914     
  0.638000011     -0.46340907567513950     
  0.639000058     -0.46251593744794867     
  0.640000045     -0.46162090463508748     
  0.641000032     -0.46072397534112830     
  0.642000020     -0.45982514766861660     
  0.643000007     -0.45892441971830977     
  0.644000053     -0.45802178958893863     
  0.645000041     -0.45711725537732684     
  0.646000028     -0.45621081517839046     
  0.647000015     -0.45530246708525746     
  0.648000002     -0.45439220918914863     
  0.649000049     -0.45348003957925809     
  0.650000036     -0.45256595634287250     
  0.651000023     -0.45164995756537135     
  0.652000010     -0.45073204133034583     
  0.653000057     -0.44981220571936081     
  0.654000044     -0.44889044881195433     
  0.655000031     -0.44796676868599572     
  0.656000018     -0.44704116341732758     
  0.657000005     -0.44611363107976609     
  0.658000052     -0.44518416974533914     
  0.659000039     -0.44425277748404823     
  0.660000026     -0.44331945236398740     
  0.661000013     -0.44238419245134336     
  0.662000060     -0.44144699581039543     
  0.663000047     -0.44050786050339652     
  0.664000034     -0.43956678459069209     
  0.665000021     -0.43862376613072024     
  0.666000009     -0.43767880318001168     
  0.667000055     -0.43673189379307065     
  0.668000042     -0.43578303602249407     
  0.669000030     -0.43483222791885218     
  0.670000017     -0.43387946753092715     
  0.671000004     -0.43292475290547466     
  0.672000051     -0.43196808208734283     
  0.673000038     -0.43100945311923422     
  0.674000025     -0.43004886404206327     
  0.675000012     -0.42908631289471755     
  0.676000059     -0.42812179771417774     
  0.677000046     -0.42715531653539762     
  0.678000033     -0.42618686739142364     
  0.679000020     -0.42521644831327599     
  0.680000007     -0.42424405733006704     
  0.681000054     -0.42326969246888307     
  0.682000041     -0.42229335175478350     
  0.683000028     -0.42131503321092051     
  0.684000015     -0.42033473485853889     
  0.685000062     -0.41935245471685689     
  0.686000049     -0.41836819080306625     
  0.687000036     -0.41738194113233218     
  0.688000023     -0.41639370371803153     
  0.689000010     -0.41540347657139565     
  0.690000057     -0.41441125770174830     
  0.691000044     -0.41341704511626770     
  0.692000031     -0.41242083682022462     
  0.693000019     -0.41142263081698249     
  0.694000006     -0.41042242510787807     
  0.695000052     -0.40942021769222176     
  0.696000040     -0.40841600656729721     
  0.697000027     -0.40740978972824254     
  0.698000014     -0.40640156516852666     
  0.699000061     -0.40539133087947293     
  0.700000048     -0.40437908485025886     
  0.701000035     -0.40336482506815458     
  0.702000022     -0.40234854951828447     
  0.703000009     -0.40133025618386570     
  0.704000056     -0.40030994304620782     
  0.705000043     -0.39928760808447478     
  0.706000030     -0.39826324927568485     
  0.707000017     -0.39723686459518720     
  0.708000004     -0.39620845201594684     
  0.709000051     -0.39517800950925996     
  0.710000038     -0.39414553504403843     
  0.711000025     -0.39311102658728680     
  0.712000012     -0.39207448210410245     
  0.713000059     -0.39103589955743673     
  0.714000046     -0.38999527690809538     
  0.715000033     -0.38895261211497673     
  0.716000021     -0.38790790313483337     
  0.717000008     -0.38686114792251058     
  0.718000054     -0.38581234443094614     
  0.719000041     -0.38476149061069381     
  0.720000029     -0.38370858441039996     
  0.721000016     -0.38265362377656520     
  0.722000062     -0.38159660665378264     
  0.723000050     -0.38053753098449983     
  0.724000037     -0.37947639470925693     
  0.725000024     -0.37841319576644827     
  0.726000011     -0.37734793209232231     
  0.727000058     -0.37628060162122046     
  0.728000045     -0.37521120228509969     
  0.729000032     -0.37413973201400968     
  0.730000019     -0.37306618873609282     
  0.731000006     -0.37199057037734568     
  0.732000053     -0.37091287486161900     
  0.733000040     -0.36983310011061793     
  0.734000027     -0.36875124404414023     
  0.735000014     -0.36766730457983765     
  0.736000061     -0.36658127963321646     
  0.737000048     -0.36549316711763702     
  0.738000035     -0.36440296494455238     
  0.739000022     -0.36331067102326992     
  0.740000010     -0.36221628326118949     
  0.741000056     -0.36111979956332685     
  0.742000043     -0.36002121783255187     
  0.743000031     -0.35892053596982737     
  0.744000018     -0.35781775187397014     
  0.745000064     -0.35671286344188963     
  0.746000051     -0.35560586856811127     
  0.747000039     -0.35449676514501449     
  0.748000026     -0.35338555106307162     
  0.749000013     -0.35227222421060900     
  0.750000060     -0.35115678247380749     
  0.751000047     -0.35003922373670177     
  0.752000034     -0.34891954588118113     
  0.753000021     -0.34779774678722736     
  0.754000008     -0.34667382433243804     
  0.755000055     -0.34554777639250334     
  0.756000042     -0.34441960084072948     
  0.757000029     -0.34328929554851506     
  0.758000016     -0.34215685838511312     
  0.759000063     -0.34102228721763084     
  0.760000050     -0.33988557991079121     
  0.761000037     -0.33874673432740987     
  0.762000024     -0.33760574832815665     
  0.763000011     -0.33646261977155578     
  0.764000058     -0.33531734651398559     
  0.765000045     -0.33416992640967857     
  0.766000032     -0.33302035731072172     
  0.767000020     -0.33186863706705583     
  0.768000007     -0.33071476352647639     
  0.769000053     -0.32955873453463291     
  0.770000041     -0.32840054793479062     
  0.771000028     -0.32724020156830752     
  0.772000015     -0.32607769327439590     
  0.773000062     -0.32491302089012208     
  0.774000049     -0.32374618225016838     
  0.775000036     -0.32257717518730972     
  0.776000023     -0.32140599753193688     
  0.777000010     -0.32023264711253313     
  0.778000057     -0.31905712175519774     
  0.779000044     -0.31787941928388408     
  0.780000031     -0.31669953752039981     
  0.781000018     -0.31551747428440680     
  0.782000065     -0.31433322739342129     
  0.783000052     -0.31314679466257500     
  0.784000039     -0.31195817390485431     
  0.785000026     -0.31076736293109952     
  0.786000013     -0.30957435955024365     
  0.787000060     -0.30837916156859718     
  0.788000047     -0.30718176679056319     
  0.789000034     -0.30598217301816066     
  0.790000021     -0.30478037805126262     
  0.791000009     -0.30357637968759660     
  0.792000055     -0.30237017572274405     
  0.793000042     -0.30116176394990252     
  0.794000030     -0.29995114216012347     
  0.795000017     -0.29873830814231306     
  0.796000063     -0.29752325968323123     
  0.797000051     -0.29630599456725393     
  0.798000038     -0.29508651057661134     
  0.799000025     -0.29386480549138788     
  0.800000012     -0.29264087708928371     
  0.801000059     -0.29141472314609179     
  0.802000046     -0.29018634143498234     
  0.803000033     -0.28895572972697980     
  0.804000020     -0.28772288579120137     
  0.805000067     -0.28648780739414159     
  0.806000054     -0.28525049230014921     
  0.807000041     -0.28401093827142720     
  0.808000028     -0.28276914306803280     
  0.809000015     -0.28152510444763917     
  0.810000062     -0.28027882016577349     
  0.811000049     -0.27903028797557894     
  0.812000036     -0.27777950562805270     
  0.813000023     -0.27652647087204640     
  0.814000010     -0.27527118145402757     
  0.815000057     -0.27401363511807919     
  0.816000044     -0.27275382960613875     
  0.817000031     -0.27149176265799796     
  0.818000019     -0.27022743201106425     
  0.819000065     -0.26896083540059929     
  0.820000052     -0.26769197055924221     
  0.821000040     -0.26642083521772481     
  0.822000027     -0.26514742710439454     
  0.823000014     -0.26387174394545332     
  0.824000061     -0.26259378346471862     
  0.825000048     -0.26131354338362395     
  0.826000035     -0.26003102142145701     
  0.827000022     -0.25874621529512115     
  0.828000069     -0.25745912271937416     
  0.829000056     -0.25616974140658955     
  0.830000043     -0.25487806906699501     
  0.831000030     -0.25358410340843413     
  0.832000017     -0.25228784213636635     
  0.833000064     -0.25098928295410522     
  0.834000051     -0.24968842356234172     
  0.835000038     -0.24838526165985958     
  0.836000025     -0.24707979494305821     
  0.837000012     -0.24577202110595289     
  0.838000059     -0.24446193784041320     
  0.839000046     -0.24314954283568599     
  0.840000033     -0.24183483377887244     
  0.841000021     -0.24051780835468944     
  0.842000067     -0.23919846424570829     
  0.843000054     -0.23787679913211593     
  0.844000041     -0.23655281069171519     
  0.845000029     -0.23522649659992470     
  0.846000016     -0.23389785453001732     
  0.847000062     -0.23256688215288177     
  0.848000050     -0.23123357713702247     
  0.849000037     -0.22989793714855977     
  0.850000024     -0.22855995985146821     
  0.851000011     -0.22721964290733815     
  0.852000058     -0.22587698397537576     
  0.853000045     -0.22453198071216457     
  0.854000032     -0.22318463077238082     
  0.855000019     -0.22183493180807815     
  0.856000066     -0.22048288146916434     
  0.857000053     -0.21912847740292465     
  0.858000040     -0.21777171725449859     
  0.859000027     -0.21641259866664139     
  0.860000014     -0.21505111927972417     
  0.861000061     -0.21368727673197227     
  0.862000048     -0.21232106865875000     
  0.863000035     -0.21095249269351432     
  0.864000022     -0.20958154646709956     
  0.865000069     -0.20820822760819430     
  0.866000056     -0.20683253374286456     
  0.867000043     -0.20545446249479213     
  0.868000031     -0.20407401148551302     
  0.869000018     -0.20269117833417905     
  0.870000064     -0.20130596065755796     
  0.871000051     -0.19991835606979474     
  0.872000039     -0.19852836218265027     
  0.873000026     -0.19713597660573962     
  0.874000013     -0.19574119694629374     
  0.875000060     -0.19434402080892094     
  0.876000047     -0.19294444579584530     
  0.877000034     -0.19154246950714524     
  0.878000021     -0.19013808954027644     
  0.879000068     -0.18873130349031053     
  0.880000055     -0.18732210894993484     
  0.881000042     -0.18591050350945257     
  0.882000029     -0.18449648475678276     
  0.883000016     -0.18308005027746016     
  0.884000063     -0.18166119765463548     
  0.885000050     -0.18023992446883672     
  0.886000037     -0.17881622829820776     
  0.887000024     -0.17739010671874658     
  0.888000071     -0.17596155730382873     
  0.889000058     -0.17453057762420704     
  0.890000045     -0.17309716524848862     
  0.891000032     -0.17166131774289642     
  0.892000020     -0.17022303267103070     
  0.893000066     -0.16878230759410762     
  0.894000053     -0.16733914007072065     
  0.895000041     -0.16589352765731757     
  0.896000028     -0.16444546790772355     
  0.897000015     -0.16299495837337949     
  0.898000062     -0.16154199660334220     
  0.899000049     -0.16008658014404589     
  0.900000036     -0.15862870653954048     
  0.901000023     -0.15716837333149178     
  0.902000070     -0.15570557805918142     
  0.903000057     -0.15424031825926837     
  0.904000044     -0.15277259146602751     
  0.905000031     -0.15130239521111102     
  0.906000018     -0.14982972702402536     
  0.907000065     -0.14835458443165433     
  0.908000052     -0.14687696495825925     
  0.909000039     -0.14539686612571709     
  0.910000026     -0.14391428545328236     
  0.911000073     -0.14242922045806372     
  0.912000060     -0.14094166865430882     
  0.913000047     -0.13945162755411955     
  0.914000034     -0.13795909466697520     
  0.915000021     -0.13646406749973250     
  0.916000068     -0.13496654355686388     
  0.917000055     -0.13346652034021925     
  0.918000042     -0.13196399534950273     
  0.919000030     -0.13045896608155741     
  0.920000017     -0.12895143003084225     
  0.921000063     -0.12744138468943192     
  0.922000051     -0.12592882754677859     
  0.923000038     -0.12441375608971177     
  0.924000025     -0.12289616780267676     
  0.925000072     -0.12137606016773475     
  0.926000059     -0.11985343066408584     
  0.927000046     -0.11832827676854597     
  0.928000033     -0.11680059595554688     
  0.929000020     -0.11527038569689775     
  0.930000067     -0.11373764346202352     
  0.931000054     -0.11220236671748812     
  0.932000041     -0.11066455292770974     
  0.933000028     -0.10912419955424552     
  0.934000015     -0.10758130405626840     
  0.935000062     -0.10603586389056718     
  0.936000049     -0.10448787651106961     
  0.937000036     -0.10293733936931926     
  0.938000023     -0.10138424991423706     
  0.939000070      -9.9828605592359829E-002
  0.940000057      -9.8270403847363297E-002
  0.941000044      -9.6709642120539022E-002
  0.942000031      -9.5146317850794387E-002
  0.943000019      -9.3580428474175761E-002
  0.944000065      -9.2011971424345321E-002
  0.945000052      -9.0440944132342604E-002
  0.946000040      -8.8867344026584597E-002
  0.947000027      -8.7291168533104063E-002
  0.948000073      -8.5712415075072754E-002
  0.949000061      -8.4131081073278241E-002
  0.950000048      -8.2547163945885502E-002
  0.951000035      -8.0960661108436846E-002
  0.952000022      -7.9371569974090492E-002
  0.953000069      -7.7779887953143570E-002
  0.954000056      -7.6185612453270629E-002
  0.955000043      -7.4588740879762014E-002
  0.956000030      -7.2989270635285486E-002
  0.957000017      -7.1387199119886197E-002
  0.958000064      -6.9782523730986673E-002
  0.959000051      -6.8175241863386860E-002
  0.960000038      -6.6565350909264118E-002
  0.961000025      -6.4952848258411564E-002
  0.962000072      -6.3337731297761324E-002
  0.963000059      -6.1719997411622936E-002
  0.964000046      -6.0099643981683305E-002
  0.965000033      -5.8476668387245155E-002
  0.966000021      -5.6851068004750198E-002
  0.967000067      -5.5222840208255970E-002
  0.968000054      -5.3591982368958936E-002
  0.969000041      -5.1958491855433019E-002
  0.970000029      -5.0322366033629488E-002
  0.971000075      -4.8683602267115447E-002
  0.972000062      -4.7042197916358559E-002
  0.973000050      -4.5398150339442313E-002
  0.974000037      -4.3751456892065964E-002
  0.975000024      -4.2102114927067814E-002
  0.976000071      -4.0450121794425073E-002
  0.977000058      -3.8795474841730807E-002
  0.978000045      -3.7138171413717058E-002
  0.979000032      -3.5478208852731660E-002
  0.980000019      -3.3815584498261449E-002
  0.981000066      -3.2150295687170635E-002
  0.982000053      -3.0482339753700825E-002
  0.983000040      -2.8811714029232618E-002
  0.984000027      -2.7138415842762418E-002
  0.985000074      -2.5462442520664031E-002
  0.986000061      -2.3783791386211801E-002
  0.987000048      -2.2102459760295911E-002
  0.988000035      -2.0418444961183925E-002
  0.989000022      -1.8731744304282389E-002
  0.990000069      -1.7042355102375239E-002
  0.991000056      -1.5350274665623814E-002
  0.992000043      -1.3655500301328425E-002
  0.993000031      -1.1958029314405195E-002
  0.994000018      -1.0257859006909230E-002
  0.995000064      -8.5549866780346064E-003
  0.996000051      -6.8494096243528011E-003
  0.997000039      -5.1411251398126847E-003
  0.998000026      -3.4301305157405210E-003
  0.999000072      -1.7164230406015531E-003
   1.00000000       0.0000000000000000     
